0
0
0
0
0
0
0
0
0
0
0
0
0
0
0
0
0
0
0
0
0
0
0
0
0
0
0
0
0
0
0
0
0
0
0
0
0
0
0
0
0
0
0
0
0
0
0
0
0
0
0
0
0
0
0
0
0
0
0
0
0
0
0
0
0
0
0
0
0
0
0
0
0
0
0
0
0
0
0
0
0
0
0
0
0
0
0
0
0
0
0
0
0
0
0
0
0
0
0
0
0
0
0
0
0
0
0
0
0
0
0
0
0
0
0
0
0
0
0
0
0
0
0
0
0
0
0
0
-768
-1280
128
-640
-128
-512
-640
0
128
-77
-9
173
0
393
559
-579
-384
-267
1057
-1586
-40
1264
-246
594
1280
-625
-177
-1602
283
1345
554
-205
-14848
-40960
-92160
167680
-43520
-147712
93696
57600
-44288
-80682
-11182
-5476
5096
77178
-6716
31426
21888
186022
-8786
-41048
-32781
40545
7390
-193590
14208
95921
72511
84537
-23549
-115285
-6044
-55806
-20992
-36352
14336
-124160
-1280
68352
-13568
-1792
-13568
3610
-115114
115852
29848
-140902
128226
-15886
-8576
-122931
7738
130798
13662
-202429
-5051
107649
19968
23854
-34812
14931
-20747
9857
-45772
-23371
-1792
-512
256
-512
-512
-640
-128
384
256
-1309
-1278
-532
273
604
668
705
640
-52
-152
-233
-813
505
672
639
128
706
745
423
49
101
-908
-254
