-131072
0
0
0
0
0
0
0
-131072
0
0
0
0
0
0
0
-131072
0
0
0
0
0
0
0
-131072
0
0
0
0
0
0
0
-131072
0
0
0
0
0
0
0
-131072
0
0
0
0
0
0
0
-131072
0
0
0
0
0
0
0
-131072
0
0
0
0
0
0
0
-131072
0
0
0
0
0
0
0
-131072
0
0
0
0
0
0
0
-131072
0
0
0
0
0
0
0
-131072
0
0
0
0
0
0
0
-131072
0
0
0
0
0
0
0
-131072
0
0
0
0
0
0
0
-131072
0
0
0
0
0
0
0
-131072
0
0
0
0
0
0
0
521856
524416
524800
523904
523392
523776
523392
524672
-2816
-932
688
1805
-1274
1733
1013
-278
-1024
101
-707
-481
-570
-198
-779
486
-384
743
35
-342
1681
-651
-152
-978
111360
-50944
153600
-11008
104960
-18944
134656
-46592
-27648
-76512
2274
-20252
-12012
18020
59788
-89788
62464
562
136027
-42557
78942
34131
165263
-34272
66816
-82149
45344
20907
57232
-29265
-48083
-53678
18688
44800
117504
-36352
-2816
-18432
99072
49664
23040
-110600
-117252
64086
72072
97756
-69018
-56304
-57728
61335
-30419
-38133
33066
-75181
-52982
121131
-196736
-30334
-100710
37035
-49629
48655
-179854
-50652
1664
-256
-1280
-640
-896
-1536
-128
896
-640
657
-254
565
637
1131
276
253
640
508
-554
329
2291
413
143
27
128
747
-883
315
118
-267
-704
1024
